(76, 36) (74, 88) 
(39, 51) (90, 38) (95, 62) (83, 39) (51, 69) 
(76, 59) (7, 94) (86, 22) (2, 98) (11, 37) 
(45, 16) (81, 5) 
(93, 53) (61, 39) (15, 53) (23, 95) (26, 1) (32, 87) 
(6, 24) (94, 38) (52, 49) (5, 29) (99, 82) (25, 87) 
(90, 6) (73, 29) 
(19, 79) (74, 47) (5, 19) (20, 80) 
(60, 40) (8, 25) (61, 92) (67, 57) 
(62, 32) (84, 100) 
(77, 3) (97, 48) (76, 29) (6, 60) 
(48, 9) (39, 10) (97, 37) (8, 70) (94, 98) (57, 48) 
(61, 0) (92, 63) (7, 38) 
(40, 30) (0, 78) (22, 83) (76, 79) (62, 54) (80, 47) 
(31, 16) (97, 77) (24, 34) (44, 8) (85, 38) (85, 82) (6, 64) 
(65, 83) (98, 10) (78, 91) (75, 73) (71, 15) 
(52, 61) (66, 5) (65, 90) 
(73, 27) (82, 23) (44, 88) (20, 51) (66, 28) (83, 69) 
(66, 98) 
(5, 56) (61, 17) 
(40, 68) (63, 81) (16, 76) (67, 47) (61, 76) 
(58, 29) (21, 35) (37, 2) (85, 7) (64, 35) 
(19, 70) (32, 99) 
(37, 55) (12, 99) 
(2, 55) 
(18, 38) (22, 40) 
(9, 73) (63, 36) (48, 5) (46, 70) (1, 84) (100, 97) 
(92, 73) (4, 70) 
(83, 40) (62, 87) (77, 96) (59, 25) (91, 73) 
(77, 45) (73, 3) (43, 75) (15, 66) (58, 36) 
(90, 6) (38, 68) (89, 10) (45, 36) (38, 93) 
(60, 14) (11, 53) 
(13, 1) (50, 27) (92, 40) 
(75, 87) (85, 11) (87, 26) (79, 14) (83, 54) 
(37, 90) (32, 37) (76, 16) (9, 66) (16, 24) 
(53, 57) (7, 7) (6, 95) (77, 73) 
(95, 94) (86, 97) (43, 29) (28, 4) (86, 80) (38, 62) (91, 85) (98, 93) (71, 53) 
(39, 47) (33, 6) (85, 3) (95, 99) (22, 69) 
(15, 74) (78, 11) (94, 2) 
(72, 57) (64, 81) (77, 86) (100, 85) (70, 70) (70, 64) 
(39, 100) (82, 81) (9, 24) (95, 84) 
(73, 67) (56, 97) (11, 39) 
(93, 36) (22, 93) (74, 84) (65, 89) (67, 71) (72, 46) (8, 40) (81, 73) 
(61, 2) (84, 13) (42, 15) (64, 7) (3, 57) 
(61, 68) (7, 1) (3, 39) (39, 47) 
(76, 28) (50, 90) (95, 39) (13, 82) (42, 11) 
(34, 47) (83, 75) (77, 48) (10, 51) (17, 90) (60, 18) 
(67, 76) (24, 70) (90, 83) 
(19, 78) (34, 78) (85, 60) 
(10, 39) (100, 7) (84, 2) (57, 60) (36, 93) (62, 17) (100, 73) (18, 50) 
(90, 53) (49, 3) 
(34, 25) (64, 25) (87, 8) (51, 32) 
(86, 85) (24, 0) 
(13, 40) 
(75, 32) (90, 1) 
(74, 15) (38, 6) 
(51, 91) (19, 42) (71, 26) 
(4, 61) (84, 0) (16, 33) (17, 18) 
(64, 94) (70, 52) (50, 94) 
(1, 63) (95, 8) 
(95, 88) (61, 88) 
(54, 95) (37, 12) (98, 71) 
(12, 49) (28, 8) (57, 18) (66, 81) (49, 14) (3, 75) (41, 35) 
(3, 61) (16, 98) (59, 95) 
(52, 71) (49, 100) (48, 56) (41, 21) (88, 37) (21, 40) (27, 47) (30, 7) 
(54, 13) (0, 72) (18, 43) (68, 8) (15, 64) 
(40, 23) 
(95, 10) (41, 83) (14, 85) (18, 60) (50, 81) 
(82, 92) (56, 16) (19, 77) (37, 19) (92, 59) (52, 36) 
(2, 59) (90, 73) (57, 58) (96, 74) (43, 31) 
(53, 99) (68, 84) (71, 21) (17, 79) 
(55, 62) (90, 64) 
(86, 51) (25, 93) 
(81, 57) 
(89, 79) 
(36, 56) 
(95, 70) (58, 40) 
(35, 80) 
(1, 55) (94, 98) (8, 35) (44, 15) 
(37, 32) (39, 54) (9, 12) (49, 89) (9, 60) (59, 95) 
(0, 60) (85, 54) (25, 28) (36, 38) (39, 36) (79, 90) 
(77, 88) (65, 2) 
(77, 100) (92, 41) (3, 41) (50, 93) (11, 17) (32, 19) 
(41, 8) (76, 20) (99, 98) 
(2, 48) (38, 91) (0, 49) (83, 52) 
(51, 94) 
(12, 71) (87, 96) (6, 99) (70, 55) 
(54, 99) (10, 92) (59, 60) 
(35, 78) (95, 46) (2, 92) (62, 70) (61, 56) (2, 29) (8, 65) (62, 29) 
(50, 72) (2, 31) (37, 75) (99, 20) (0, 78) 
(76, 62) (25, 90) (95, 58) 
(59, 78) (80, 7) (26, 23) (7, 25) 
(22, 23) (0, 59) 
(22, 48) (78, 17) (35, 83) (67, 12) 
(62, 60) (52, 24) (43, 53) (72, 89) (65, 78) 
(82, 59) (74, 47) (90, 24) (0, 25) (21, 92) 
(90, 84) (32, 1) (83, 44) (23, 83) (21, 47) (70, 72) 
(1, 9) (92, 99) (26, 66) (65, 87) 
(83, 54) (76, 87) 
(30, 24) (77, 50) (15, 19) (100, 46) 
(55, 75) 
(98, 87) (63, 74) (83, 9) 
(30, 69) (54, 71) 
(33, 71) (48, 56) 
(77, 14) 
(88, 32) (85, 85) (13, 58) (97, 34) 
(82, 31) (2, 1) (73, 97) 
(11, 28) (92, 97) (46, 79) (74, 32) 
(6, 67) (6, 65) 
(24, 53) (92, 26) (88, 56) (23, 19) (12, 97) 
(75, 78) (7, 42) 
(5, 91) (70, 87) (19, 46) (84, 36) 
(37, 16) (22, 21) 
(16, 18) (60, 72) (68, 71) (24, 10) 
(7, 54) (53, 23) (55, 78) 
(36, 83) (57, 64) 
(3, 10) (75, 27) (12, 18) (22, 49) (3, 3) 
(77, 55) (55, 92) 
(33, 13) (63, 76) (97, 61) (46, 30) 
(92, 89) (40, 99) (9, 32) (52, 20) (48, 97) 
(99, 66) (46, 65) (49, 28) 
(96, 29) (67, 2) (49, 60) 
(21, 87) (41, 61) 
(41, 4) (73, 88) (38, 85) (32, 24) 
(65, 22) (67, 59) 
(67, 27) (53, 93) (80, 34) (36, 27) 
(26, 45) (10, 53) (34, 73) (24, 8) (76, 73) (27, 5) 
(46, 60) (73, 80) 
(18, 40) (52, 45) (59, 71) (70, 47) (12, 48) 
(45, 78) (50, 68) (49, 7) 
(45, 6) (4, 98) (31, 82) (3, 33) 
(26, 29) (74, 60) (11, 32) 
(52, 91) (25, 97) 
(80, 45) (43, 36) (24, 68) 
(79, 24) (74, 49) (33, 43) (65, 50) (7, 34) 
(21, 67) (84, 40) (57, 20) (68, 63) 
(69, 43) (59, 21) (75, 96) (97, 28) (64, 60) (89, 33) 
(15, 9) (3, 59) (27, 82) 
(8, 19) (52, 55) (44, 13) (46, 54) (31, 50) 
(28, 16) (94, 20) (100, 1) 
(16, 92) (32, 47) (90, 21) (69, 40) (9, 50) (45, 96) 
(34, 39) (69, 67) (45, 61) (80, 60) (62, 52) 
(16, 94) (20, 50) 
(42, 38) (37, 8) (30, 62) (5, 96) 
(72, 0) (31, 98) (49, 32) (13, 64) (66, 80) (57, 0) 
(71, 99) (9, 2) (53, 32) (64, 37) (35, 37) 
(95, 67) (77, 82) (18, 96) (77, 27) (53, 50) (23, 15) 
(99, 99) (1, 17) (0, 82) (74, 16) (68, 83) (44, 31) 
(27, 29) 
(69, 2) (84, 82) (67, 39) (15, 4) (33, 72) (89, 72) 
(41, 44) (72, 66) (64, 50) 
(23, 83) (13, 18) (26, 68) 
(1, 37) (73, 32) (10, 7) (56, 100) 
(13, 35) (63, 58) 
(25, 5) (43, 16) (11, 8) (12, 73) (28, 74) (78, 13) 
(81, 15) (88, 64) 
(4, 66) 
(78, 81) (61, 12) 
(20, 35) (32, 7) (61, 48) (38, 27) (20, 16) (50, 62) 
(59, 59) (67, 31) (67, 76) 
(28, 10) (24, 30) 
(93, 29) 
(94, 19) (80, 35) (29, 63) (89, 71) (86, 82) (61, 40) (63, 77) (0, 71) 
(57, 45) (46, 37) 
(65, 6) (69, 52) (100, 82) (21, 36) (10, 88) 
(53, 66) 
(78, 24) (22, 86) (25, 9) (47, 74) (37, 4) 
(0, 90) (2, 79) (90, 49) 
(36, 4) (33, 83) (58, 60) (40, 83) 
(70, 35) (75, 1) (48, 54) (87, 20) 
(6, 47) (32, 17) 
(65, 44) (25, 45) (7, 66) (81, 28) 
(19, 1) (39, 25) (26, 4) (14, 62) (93, 69) 
(21, 76) (74, 6) (16, 31) 
(82, 99) (45, 83) 
(11, 16) (15, 34) (78, 5) (46, 24) 
(47, 79) (54, 90) (51, 11) (22, 65) 
(50, 74) (51, 93) (23, 3) (22, 86) 
(69, 1) (95, 73) (8, 20) 
(86, 95) (16, 64) 
(52, 28) (11, 52) 
(87, 14) (8, 100) (76, 28) (49, 69) (69, 89) (75, 63) 
(37, 31) (34, 77) 
(78, 14) (68, 11) 
(86, 99) (14, 74) (83, 17) (37, 22) 
(73, 0) (70, 15) 
(47, 46) 
(49, 27) (84, 5) (82, 70) (21, 8) (4, 23) (27, 87) (28, 51) 
(33, 70) (45, 83) (17, 96) (32, 89) (15, 94) 
(42, 63) 
(61, 74) (14, 21) (65, 39) 
(46, 55) (95, 14) 
(50, 90) (83, 44) (98, 4) (61, 33) 
(29, 10) (50, 99) (55, 46) (78, 22) 
(11, 100) (64, 33) (28, 83) (85, 65) (98, 29) 
(35, 53) (67, 49) (79, 99) (22, 20) (53, 98) 
(27, 31) (44, 95) 
(10, 72) (5, 2) (95, 67) 
(38, 60) (2, 24) (22, 1) (87, 100) 
(52, 16) (12, 79) 
(41, 34) (43, 73) (10, 9) 
(25, 79) 
(4, 15) (27, 16) (80, 16) (96, 82) 
(48, 74) (48, 63) (21, 63) (97, 33) (95, 99) (97, 23) 
(88, 0) (49, 94) 
(85, 99) (24, 34) (34, 48) 
(100, 84) (32, 77) (30, 46) (19, 60) (24, 88) (45, 41) (48, 56) (32, 55) 
(43, 22) (80, 56) (79, 40) (77, 83) (7, 29) (26, 89) 
(67, 50) (29, 61) (30, 8) (65, 40) 
(16, 7) (80, 53) (59, 31) 
(69, 17) (23, 14) (32, 12) (81, 46) (86, 75) 
(66, 45) (95, 25) (46, 41) 
(94, 2) 
(29, 1) (43, 49) (22, 22) (68, 12) 
(99, 8) (43, 12) (69, 47) 
(96, 76) (64, 29) (40, 42) (16, 71) 
(16, 50) (96, 82) 
(44, 59) (56, 82) (69, 36) (59, 52) 
(41, 10) (49, 55) (20, 0) (0, 61) (69, 43) 
(25, 4) (17, 14) (53, 36) (89, 4) (0, 63) (8, 39) 
(73, 57) 
(20, 72) (64, 21) 
(48, 1) (28, 65) (64, 8) (69, 55) 
(70, 98) (44, 37) (0, 30) 
(65, 10) (53, 19) (72, 64) (82, 11) 
(47, 9) (69, 56) (22, 25) 
(39, 54) (35, 75) 
(81, 25) 
(51, 0) (22, 64) (71, 41) (80, 47) 
(71, 36) (59, 27) 
(28, 79) (64, 53) 
(76, 55) (42, 57) (72, 32) 
(95, 79) (41, 26) (43, 9) (70, 30) (23, 20) (47, 48) (7, 11) 
(68, 49) (70, 91) (95, 28) 
(39, 89) (10, 29) (18, 38) 
(24, 85) (73, 29) (50, 26) 
(32, 83) (90, 39) (17, 60) 
(28, 91) (24, 90) (62, 64) (36, 69) (99, 59) (8, 98) (92, 48) 
(17, 23) 
(96, 63) (57, 2) (24, 97) (0, 87) (62, 49) 
(0, 40) (98, 14) (11, 80) (8, 88) 
(83, 43) (79, 4) (32, 28) (75, 52) 
(100, 81) (50, 22) (99, 89) (22, 52) (36, 64) (6, 38) (90, 81) (34, 86) (66, 13) 
(18, 40) (84, 21) (33, 9) (31, 98) 
(59, 53) (25, 56) (61, 62) (30, 17) (66, 52) 
(25, 100) (6, 17) (68, 0) (48, 100) (95, 31) (54, 50) 
(94, 45) (57, 5) (72, 1) (100, 68) (91, 67) (98, 51) 
(41, 31) (24, 80) (22, 74) 
(2, 100) (69, 60) 
(11, 86) (79, 55) (12, 7) 
(42, 63) (39, 46) (18, 63) (59, 43) 
(23, 18) (49, 23) 
(62, 31) (16, 86) (23, 40) (6, 51) (10, 59) (21, 98) (56, 83) 
(20, 80) (28, 69) (38, 84) (0, 14) (83, 0) 
(80, 73) (42, 79) (50, 90) (88, 77) 
(34, 35) (94, 55) (7, 84) (55, 88) (79, 54) (91, 3) (70, 76) (78, 54) (94, 9) (48, 87) 
(93, 83) (52, 3) 
(39, 59) (15, 13) (59, 58) (7, 48) 
(94, 80) (69, 99) (55, 29) (40, 88) (36, 80) (79, 31) (84, 56) (66, 36) 
(5, 24) (10, 31) (3, 77) 
(73, 39) (7, 94) (91, 0) (10, 36) (50, 82) 
(93, 30) (18, 38) (93, 43) (51, 53) (2, 23) (41, 62) 
(31, 48) (1, 38) (1, 14) (58, 31) 
(33, 16) 
(7, 53) (27, 37) (16, 99) (78, 34) (65, 7) 
(71, 53) (52, 43) (83, 14) (9, 50) (75, 49) 
(9, 82) 
(3, 19) (4, 99) (78, 17) (49, 51) 
(95, 55) (75, 29) (24, 27) 
(38, 40) (19, 8) (61, 80) (51, 50) (86, 54) 
(50, 85) (37, 2) (43, 63) (30, 37) 
(98, 94) (87, 31) (51, 17) (34, 78) (16, 28) 
(20, 15) (67, 31) (1, 68) (64, 10) 
(25, 54) (58, 17) 
(49, 66) (93, 53) 
(36, 87) (51, 67) (82, 97) (16, 96) 
(97, 93) (50, 100) (33, 67) (2, 99) (89, 13) (9, 72) (45, 58) (63, 24) 
(84, 10) (16, 93) (12, 86) 
(36, 29) (5, 28) (39, 98) 
(66, 93) (91, 67) (14, 54) (1, 5) (84, 55) 
(56, 89) 
(78, 6) (6, 24) 
(59, 3) (17, 55) (85, 16) (38, 55) (9, 56) (64, 67) (0, 37) (49, 93) (27, 100) 
(57, 100) (16, 69) (100, 23) 
(14, 84) (84, 21) (21, 97) (42, 26) 
(45, 51) (10, 72) (100, 76) (60, 32) (88, 14) 
(98, 13) (57, 94) (39, 44) (88, 31) 
(67, 73) (42, 84) 
(36, 77) (35, 10) (49, 12) (29, 4) 
(45, 94) (89, 79) (19, 93) (58, 67) 
(73, 13) 
(19, 67) (29, 25) (8, 44) (12, 16) (13, 1) 
(60, 37) (53, 0) (86, 50) 
(25, 19) (66, 28) 
(2, 8) (13, 20) (29, 13) (98, 35) 
(45, 10) (11, 78) (27, 65) (33, 43) (78, 68) (55, 100) (57, 7) (70, 27) (66, 6) 
(34, 29) (45, 39) (56, 16) (50, 48) 
(13, 83) (42, 26) (49, 81) 
(58, 65) (30, 98) (72, 24) (97, 24) (66, 70) (30, 92) 
(93, 43) (16, 22) (39, 64) (70, 13) 
(39, 94) (44, 23) 
(22, 78) (58, 50) (15, 4) (57, 7) (12, 100) (95, 16) (56, 21) (55, 91) (94, 84) 
(43, 37) (31, 14) (89, 30) (3, 35) 
(97, 26) (13, 39) (94, 100) (54, 55) (58, 77) 
(25, 69) 
(54, 60) (51, 52) 
(67, 52) (93, 60) (98, 33) 
(37, 97) (91, 18) (14, 95) (50, 30) (27, 70) 
(88, 2) (88, 65) (56, 31) 
(17, 20) (39, 64) (72, 1) (39, 58) 
(92, 23) (28, 100) (18, 34) (25, 88) 
(46, 84) (36, 34) (91, 17) (7, 57) 
(74, 8) (12, 3) 
(89, 0) (89, 15) (43, 100) (85, 14) (82, 60) 
(99, 66) (55, 81) (49, 96) 
(3, 49) (64, 38) (19, 26) 
(95, 92) (8, 90) (68, 2) (30, 84) (49, 48) 
(30, 75) (65, 75) (79, 44) 
(28, 25) (9, 54) (32, 48) (6, 56) (62, 91) (15, 87) (84, 36) 
(58, 80) (57, 10) (93, 89) 
(29, 21) (81, 97) 
(71, 20) (61, 29) (48, 88) (50, 94) (60, 68) (78, 93) 
(4, 40) (85, 76) (18, 72) 
(52, 33) (18, 4) (13, 31) (57, 45) (16, 95) (55, 21) (70, 99) (74, 4) (58, 81) (43, 18) 
(99, 76) (83, 80) (96, 78) (18, 22) 
(91, 34) 
(69, 65) (74, 53) (20, 82) (4, 72) (40, 18) (46, 16) (53, 65) 
(53, 47) (36, 22) (6, 12) (76, 43) 
(91, 15) (13, 1) (79, 5) (86, 11) (39, 23) (70, 76) (23, 22) (25, 44) (99, 23) (40, 66) 
(81, 55) (94, 22) (38, 27) 
(35, 91) 
(70, 82) (58, 89) (69, 41) (92, 72) 
(51, 23) (72, 52) (94, 57) (87, 10) (91, 30) (85, 66) (54, 13) (11, 2) 
(25, 46) (3, 37) (54, 61) 
(19, 93) (20, 86) (60, 39) (55, 96) 
(87, 80) (55, 3) (64, 15) (45, 41) (63, 10) 
(32, 7) (33, 26) (10, 47) 
(8, 18) (89, 58) (54, 11) (98, 66) (21, 30) (48, 75) 
(39, 1) (62, 100) (36, 99) 
(21, 49) 
(85, 15) (96, 22) (28, 99) (58, 91) 
(64, 99) (31, 1) (30, 78) (28, 80) (3, 96) (30, 16) 
(85, 81) (16, 43) (45, 71) (96, 28) (59, 93) (57, 60) 
(99, 87) (100, 82) (49, 85) (22, 81) (6, 61) (22, 3) 
(36, 67) (67, 28) 
(86, 63) (89, 96) (72, 95) 
(95, 15) (75, 76) (2, 34) (72, 78) (12, 39) 
(87, 46) (40, 73) (50, 58) (12, 47) (23, 85) (17, 66) 
(93, 59) (96, 61) (20, 32) (78, 44) 
(5, 30) (42, 70) (75, 86) (67, 99) (19, 21) 
(24, 81) (66, 73) 
(22, 51) (32, 41) (89, 72) 
(99, 17) (84, 71) (48, 70) (35, 20) (40, 2) 
(32, 69) 
(8, 67) (15, 20) 
(68, 87) 
(45, 51) (28, 21) (43, 92) (78, 78) (84, 80) (53, 5) 
(5, 11) (93, 58) (10, 36) (57, 70) 
(18, 1) (94, 97) 
(77, 63) (56, 10) 
(86, 61) (97, 90) (20, 26) (56, 78) (26, 16) (13, 85) 
(17, 55) (89, 55) (72, 31) 
(51, 4) (7, 56) (35, 52) (21, 72) 
(91, 51) (41, 4) (9, 93) (71, 76) (62, 65) (62, 36) (80, 6) (53, 62) (54, 80) 
(81, 75) (37, 92) (78, 63) 
(81, 87) 
(95, 21) 
(13, 97) (59, 69) 
(34, 78) (7, 31) (88, 72) (92, 64) (69, 93) 
(6, 56) (94, 46) (87, 98) (5, 77) (29, 36) 
(8, 64) (67, 71) 
(12, 36) (4, 34) (17, 60) (27, 32) (31, 25) (31, 79) 
(94, 67) (74, 100) (85, 74) (33, 40) (12, 43) 
(35, 83) (7, 0) (25, 27) (6, 24) (65, 21) (58, 89) (31, 54) 
(19, 82) (89, 82) 
(19, 74) (88, 8) (55, 16) (47, 7) 
(81, 84) (35, 3) (89, 1) (82, 8) 
(63, 14) (56, 57) (32, 76) (74, 29) 
(20, 9) (34, 68) 
(83, 79) (51, 82) 
(85, 25) (100, 19) 
(14, 22) (12, 64) (53, 93) (62, 77) 
(89, 96) (34, 10) (82, 59) (29, 97) 
(63, 58) (31, 16) (56, 31) (77, 9) (11, 62) 
(72, 66) (24, 20) (93, 54) (10, 35) (54, 30) (17, 89) (14, 71) (36, 68) 
(98, 13) (30, 91) (69, 56) 
(8, 93) (28, 51) (11, 62) (41, 15) (16, 99) (26, 13) (0, 49) (98, 28) (95, 18) 
(45, 63) (19, 21) (48, 73) 
(71, 25) (53, 32) (40, 48) (61, 41) (59, 41) (62, 4) (27, 65) (72, 27) (92, 15) (5, 54) 
(70, 97) (22, 28) (28, 42) (89, 49) (13, 56) (42, 61) 
(35, 69) (12, 40) (1, 98) (34, 2) (3, 65) (25, 93) (54, 1) 
(81, 8) 
(33, 33) (24, 74) (9, 8) 
(36, 43) (4, 97) 
(92, 36) (84, 28) (3, 96) (11, 12) (100, 85) (29, 17) 
(62, 27) (49, 66) (37, 68) (26, 38) (84, 74) 
(73, 33) (6, 36) 
(26, 20) (43, 33) (17, 20) (34, 82) 
(35, 26) (74, 15) (13, 75) (82, 11) (12, 85) (54, 57) 
(4, 81) (13, 90) (50, 6) (17, 6) 
(72, 53) (63, 93) (4, 5) (46, 54) (57, 66) (48, 86) 
(58, 18) 
(95, 20) (68, 29) (67, 1) (47, 73) (69, 1) 
(35, 1) (67, 85) (52, 24) (51, 6) 
(71, 73) (18, 33) (50, 0) (100, 33) 
(53, 76) (25, 23) (43, 24) (84, 91) (38, 8) 
(93, 11) (9, 48) (55, 67) (68, 83) 
(78, 19) (59, 72) 
(70, 41) (26, 74) (35, 30) (60, 59) (58, 51) (55, 26) 
(1, 52) (49, 49) (73, 26) (85, 51) (55, 92) 
(30, 81) (92, 82) (96, 42) (82, 66) (0, 87) (1, 38) (17, 88) 
(61, 90) (28, 74) (1, 95) 
(47, 99) (100, 56) (2, 51) 
(49, 31) (54, 74) (41, 98) (20, 87) 
(13, 17) (8, 73) (16, 93) (39, 5) (37, 4) 
(12, 66) (11, 15) (12, 69) (97, 76) (36, 62) (16, 80) 
(56, 91) (62, 6) (24, 11) (3, 48) 
(96, 15) (6, 26) (13, 5) (7, 68) 
(12, 13) (30, 27) (6, 83) (55, 10) 
(8, 7) (89, 99) (84, 61) (13, 67) (85, 46) (17, 53) 
(6, 97) (83, 93) (31, 66) (25, 20) (33, 94) 
(6, 21) 
(51, 84) (98, 66) 
(17, 50) (80, 49) 
(24, 73) (55, 38) (46, 24) 
(73, 79) (79, 100) (62, 70) (27, 19) 
(24, 76) (73, 44) (14, 85) (29, 75) 
(83, 96) (66, 47) (7, 20) 
(23, 67) (8, 77) (28, 51) 
(5, 31) (91, 13) (31, 35) (27, 94) 
(32, 70) (18, 57) (16, 9) (43, 32) (30, 41) (25, 35) 
(96, 31) (56, 88) 
(40, 45) (83, 29) (91, 61) (73, 45) 
(12, 20) (19, 11) 
(93, 54) (90, 52) (43, 97) 
(64, 27) (93, 39) (20, 53) (65, 23) (93, 3) 
(58, 30) (11, 97) (12, 55) (9, 44) 
(43, 28) (92, 58) (89, 17) (43, 37) (69, 68) 
(46, 15) (46, 74) (66, 51) (37, 63) (72, 39) (14, 33) 
(37, 73) (76, 27) (38, 36) (2, 5) (15, 87) (61, 26) (94, 43) 
(72, 30) (9, 68) (27, 49) (65, 21) 
(53, 6) (99, 44) (36, 13) (64, 28) 
(44, 10) (16, 98) (94, 69) (4, 45) (5, 72) (48, 2) (67, 9) (31, 19) (68, 32) 
(77, 31) (21, 41) 
(40, 3) (19, 98) (46, 1) (95, 73) (23, 20) (2, 88) 
(85, 3) (78, 79) (25, 56) 
(60, 87) (100, 94) 
(44, 16) (84, 72) (3, 97) 
(43, 57) (12, 42) 
(10, 92) (35, 13) (88, 22) 
(23, 81) (39, 93) (78, 17) (74, 35) (69, 43) (51, 86) 
(32, 17) (7, 94) (71, 28) 
(24, 95) (68, 17) (56, 23) (26, 0) 
(83, 67) (34, 31) (99, 36) (20, 34) (55, 7) (11, 79) 
(40, 2) (61, 70) (66, 92) (72, 18) (54, 85) (54, 15) 
(27, 53) (29, 73) (24, 28) 
(43, 1) (100, 7) (79, 69) (58, 0) (43, 72) 
(52, 3) 
(98, 36) (37, 55) 
(1, 31) (69, 2) 
(26, 43) (4, 78) (29, 78) 
(44, 38) (96, 41) (99, 96) (53, 78) (100, 20) 
(51, 83) (27, 8) (80, 0) (34, 5) (7, 34) 
(7, 17) (24, 79) 
(85, 5) (5, 23) 
(43, 93) (52, 15) 
(63, 52) (63, 23) (70, 23) (87, 62) (65, 7) (42, 48) 
(3, 37) (41, 99) (30, 41) (80, 59) 
(15, 42) 
(91, 91) (52, 1) (25, 51) 
(31, 39) (69, 38) (33, 8) (40, 72) 
(92, 66) (33, 43) (3, 9) (9, 66) (1, 84) 
(57, 24) (62, 22) (70, 57) (85, 90) (97, 96) (88, 61) (87, 70) 
(23, 56) 
(62, 3) (70, 0) (17, 57) 
(68, 70) 
(5, 23) (68, 18) (56, 46) (8, 82) 
(29, 31) (99, 62) (100, 61) (56, 84) (41, 61) 
(86, 95) (13, 66) (89, 34) (85, 90) 
(90, 92) (61, 87) (27, 86) (97, 85) (83, 6) (38, 47) (23, 8) 
(40, 2) (21, 91) (84, 41) 
(21, 39) 
(71, 44) (21, 61) (27, 94) (41, 20) (49, 41) (22, 12) (30, 53) 
(99, 93) (97, 19) (48, 7) (85, 51) (72, 79) 
(50, 100) (25, 40) (24, 55) 
(65, 91) 
(66, 4) (51, 94) 
(90, 24) 
(5, 74) (83, 12) (32, 11) (58, 17) (48, 72) (4, 14) 
(29, 18) (22, 97) (43, 38) 
(69, 26) (89, 98) (46, 47) (29, 45) (45, 2) (39, 16) 
(45, 98) (64, 93) 
(6, 66) (100, 26) (32, 61) (11, 15) (33, 62) (73, 57) (49, 1) 
(44, 6) (49, 51) (17, 14) (90, 81) (89, 73) 
(95, 21) 
(43, 87) 
(70, 100) (86, 0) (92, 6) (43, 76) (23, 37) 
(53, 70) (8, 9) (96, 9) (94, 24) (91, 68) 
(27, 61) (48, 12) (79, 3) (25, 12) (89, 36) 
(8, 7) 
(56, 32) (81, 51) 
(27, 14) (88, 47) (100, 81) (69, 54) (82, 2) (84, 88) 
(91, 21) (39, 69) (15, 24) (52, 71) (79, 51) (32, 99) (98, 45) 
(22, 66) (85, 13) (68, 63) (24, 85) 
(24, 63) (100, 79) (63, 97) (77, 75) (2, 6) (20, 3) (42, 35) 
(95, 93) (67, 26) (66, 50) (90, 80) (55, 58) 
(1, 17) (98, 61) (72, 63) (10, 49) 
(86, 50) 
(41, 64) (57, 92) (36, 39) (60, 29) (80, 66) 
(99, 74) (61, 40) 
(79, 9) (95, 66) (5, 81) (83, 21) 
(59, 92) (54, 57) (19, 11) 
(60, 52) (67, 83) (42, 50) (55, 28) 
(27, 54) (14, 82) (58, 1) 
(25, 4) (2, 11) (17, 98) (97, 23) (36, 90) 
(77, 17) (66, 64) (60, 91) (36, 71) 
(82, 70) (27, 95) (93, 63) (76, 46) (7, 42) 
(51, 55) (70, 31) (9, 97) (97, 22) (85, 58) 
(78, 66) (54, 60) 
(64, 27) (73, 23) (16, 76) 
(19, 44) (82, 34) (4, 82) 
(18, 28) (51, 22) (10, 78) 
(0, 28) (24, 88) (66, 20) (59, 7) 
(91, 88) (38, 59) (3, 93) (80, 77) (0, 27) (7, 3) 
(25, 8) (90, 99) (36, 30) (93, 55) (83, 42) (88, 67) (91, 25) 
(92, 70) (30, 70) (97, 44) (21, 52) (77, 16) 
(30, 79) (1, 71) (46, 20) 
(68, 70) (70, 66) (66, 23) (65, 19) (27, 15) (75, 2) (27, 46) (23, 24) (91, 62) 
(11, 3) (45, 73) (15, 4) (47, 94) 
(67, 78) (31, 4) (44, 46) (3, 39) (62, 62) (30, 19) (7, 22) (53, 61) (34, 31) 
(85, 47) (51, 24) (49, 95) (93, 40) (62, 79) (24, 7) 
(62, 20) 
(41, 23) (38, 2) (28, 32) (97, 16) (24, 68) 
(18, 80) (63, 77) (70, 38) (28, 59) (8, 87) (15, 76) 
(35, 53) (28, 47) (79, 43) (57, 33) (75, 13) 
(54, 37) (81, 74) (27, 1) 
(48, 2) (93, 23) (69, 25) (61, 53) (88, 99) (96, 21) (12, 96) 
(63, 32) (48, 79) 
(16, 20) (74, 35) (51, 27) 
(75, 76) (39, 43) (60, 76) (21, 22) 
(49, 19) (94, 58) (66, 98) 
(22, 6) (15, 37) (77, 58) (65, 99) (7, 3) 
(52, 45) (42, 61) 
(94, 95) 
(1, 57) (75, 2) (78, 21) (35, 92) (0, 3) (3, 58) 
(43, 33) (71, 49) 
(9, 46) (71, 15) (19, 84) 
(24, 56) (82, 74) (86, 34) (43, 26) (98, 24) 
(54, 71) (39, 86) (83, 61) (84, 32) 
(73, 52) (74, 42) (9, 24) 
(74, 12) (64, 85) (98, 90) (1, 43) (52, 82) 
(29, 84) (47, 65) (20, 37) 
(99, 33) (74, 47) 
(14, 58) (3, 6) (47, 92) (28, 62) (59, 60) 
(15, 73) (18, 5) (95, 13) (12, 78) (43, 51) (57, 75) (61, 82) 
(35, 7) (2, 1) (19, 27) (34, 100) (18, 71) (79, 50) (92, 27) 
(46, 34) (84, 91) (35, 51) (37, 24) (39, 26) 
(48, 59) (98, 59) (34, 78) 
(33, 59) (77, 84) (62, 96) (28, 45) 
(80, 34) (5, 73) (24, 39) (8, 87) (64, 50) 
(72, 70) 
(58, 85) (19, 32) (64, 36) 
(68, 10) (41, 93) (80, 14) (32, 27) 
(3, 82) (73, 31) 
(71, 7) (2, 19) 
(13, 38) (90, 95) (83, 65) 
(47, 63) (79, 91) (60, 90) (57, 3) (97, 90) 
(11, 27) (70, 77) (63, 90) (90, 46) 
(63, 57) (33, 3) 
(36, 9) (40, 89) (29, 7) (55, 34) 
(63, 49) (18, 81) (64, 73) (92, 30) 
(92, 49) (5, 96) (79, 99) (75, 38) 
(63, 34) (74, 20) 
(83, 21) (55, 98) 
(90, 51) (38, 43) (100, 34) (98, 0) 
(33, 1) (67, 34) (88, 88) (70, 23) 
(4, 37) (68, 69) (18, 58) (27, 62) 
(89, 40) (10, 99) (27, 31) 
(48, 6) (38, 25) (9, 32) (69, 37) (13, 71) (0, 55) (54, 82) 
(97, 42) (89, 18) (49, 45) (64, 51) (68, 43) (43, 75) 
(2, 12) (85, 25) (29, 92) (67, 45) (63, 54) 
(8, 17) (90, 33) (21, 97) (40, 30) 
(28, 49) (43, 51) 
(33, 12) (45, 29) (99, 35) 
(9, 36) (42, 86) (4, 53) (34, 62) 
(99, 7) (50, 58) (18, 0) (15, 33) (79, 78) 
(85, 71) (52, 80) (8, 89) (18, 93) (68, 27) (66, 0) (82, 24) 
(7, 100) (65, 14) 
(10, 56) (21, 6) (51, 58) (0, 32) 
(49, 11) 
(50, 15) (31, 6) (98, 97) (11, 20) 
(4, 71) (78, 100) (35, 75) (34, 4) (50, 27) (34, 76) 
(11, 84) (21, 81) (5, 78) (54, 56) (59, 26) 
(16, 36) (85, 37) (54, 37) (100, 88) (46, 88) 
(94, 57) (19, 45) (32, 50) 
(9, 100) (67, 64) (100, 80) (37, 65) (0, 85) 
(12, 6) (49, 36) 
(64, 32) (81, 60) (51, 43) (80, 18) (10, 86) (44, 85) 
(4, 15) (54, 40) (50, 52) (70, 0) (33, 100) 
(21, 13) (0, 30) (77, 9) (66, 86) 
(78, 19) (32, 90) (94, 44) 
(37, 57) (36, 15) (95, 90) (97, 77) (84, 77) 
(34, 89) (30, 45) (7, 90) (59, 21) 
(30, 96) (60, 32) 
(41, 55) (17, 63) 
(75, 60) (29, 79) (41, 30) (30, 68) 
(79, 17) (40, 65) (72, 34) 
(75, 5) (4, 100) (5, 57) 
(48, 88) 
(68, 78) (98, 11) (81, 5) (45, 36) (80, 98) (65, 84) 
(27, 92) (51, 34) (82, 3) (75, 51) 
(7, 42) (42, 5) (21, 87) (6, 98) (63, 77) 
(86, 57) (81, 50) 
(36, 82) (53, 70) 
(66, 48) (71, 20) (57, 64) (21, 78) (98, 55) (5, 83) 
(37, 4) (37, 4) (86, 40) (9, 60) 
(94, 75) (1, 11) (98, 35) 
(22, 99) (4, 29) (39, 15) 
(100, 88) (6, 84) (66, 15) 
(24, 39) (2, 99) (37, 21) (93, 22) (11, 11) 
(7, 2) (59, 99) (14, 98) 
(72, 56) (12, 5) (45, 30) 
(60, 46) (48, 10) (59, 74) (41, 65) (61, 72) 
(69, 35) (39, 92) (74, 30) (14, 42) 
(67, 52) 
(9, 68) (83, 95) 
(58, 14) (19, 52) (20, 15) (11, 94) (41, 26) 
(4, 83) (23, 36) (0, 35) (26, 10) 
(25, 44) (97, 1) 
(41, 40) (34, 18) 
(25, 26) (75, 92) (77, 91) (78, 23) 
(46, 88) 
(74, 56) (36, 57) (76, 10) (60, 83) 
(45, 95) (2, 20) (94, 16) (83, 35) (71, 54) 
(54, 86) (6, 59) (85, 96) (70, 37) (55, 64) 
(29, 67) (28, 69) (3, 28) (56, 10) 
(47, 96) (35, 15) (46, 22) (67, 6) 
(20, 36) (45, 73) (89, 68) (49, 96) (76, 99) 
(86, 57) (85, 4) (43, 5) (63, 51) (20, 84) (6, 86) (51, 59) (6, 26) 
(90, 21) (27, 97) (79, 54) (64, 58) 
(73, 6) (65, 36) (100, 22) 
(73, 98) (66, 94) (54, 22) 
(35, 40) (89, 13) (12, 2) (41, 56) (87, 28) 
(10, 15) (5, 30) 
(15, 17) (37, 35) (82, 74) (20, 8) (37, 64) (84, 76) 
(26, 36) (85, 92) (42, 68) (63, 39) (78, 56) 
(37, 82) (98, 63) (38, 49) 
(10, 81) (94, 79) (64, 71) 
(30, 49) (36, 97) 
(3, 92) (85, 15) (13, 11) (29, 16) 
(81, 81) (25, 50) (96, 88) (50, 50) (12, 46) 
(42, 4) (37, 7) (36, 58) (100, 37) (33, 66) (81, 47) 
(83, 5) (67, 1) (0, 17) (29, 97) (37, 0) (41, 7) 
(51, 77) (66, 76) (99, 76) (25, 56) (74, 27) 
(90, 7) (33, 7) (25, 2) 
(15, 23) 
(57, 12) (100, 46) (41, 46) (97, 25) (23, 33) 
(95, 18) (68, 30) (71, 38) 
(27, 10) (35, 91) 
(85, 61) (98, 19) (22, 75) (22, 22) (79, 77) 
(53, 25) (57, 37) (2, 40) (29, 67) (68, 69) (18, 29) 
(20, 15) (36, 4) (41, 26) 
(92, 30) (97, 83) (72, 5) (57, 7) (32, 2) 
(36, 87) (16, 54) (72, 75) (50, 77) (70, 17) 
(32, 27) (97, 23) (35, 61) (74, 17) (80, 15) (15, 2) (32, 56) 
(40, 3) (5, 19) (42, 56) (40, 49) 
(97, 36) (36, 38) (78, 11) (89, 57) (20, 73) (20, 71) (61, 40) 
(81, 32) (16, 74) (46, 80) 
(35, 9) (18, 45) (16, 23) (84, 78) (73, 64) 
(36, 58) (62, 83) (9, 30) (72, 46) (7, 58) (8, 67) 
(61, 26) (82, 8) (40, 92) (36, 30) 
(70, 72) 
(33, 79) (79, 28) 
(53, 3) (61, 70) 
(93, 87) (40, 96) (81, 53) (16, 84) 
(63, 88) (41, 87) (36, 61) (26, 40) (94, 94) (25, 54) (85, 7) (24, 69) 
(15, 71) (8, 53) (71, 6) (78, 93) 
(43, 80) 
(19, 66) 
(91, 39) (75, 46) (66, 81) 
(45, 36) (53, 90) (90, 96) (34, 55) 
(64, 13) (29, 86) (19, 51) (83, 7) 
(51, 66) (19, 30) (92, 75) 
(68, 39) 
(84, 89) (64, 62) (49, 28) (100, 46) 
(18, 73) (84, 21) (13, 35) 
(33, 55) (39, 49) (8, 99) 
(40, 66) (68, 87) (80, 36) (50, 72) (56, 90) (79, 40) 
(39, 20) 
(22, 29) (88, 18) (36, 30) (48, 36) (75, 70) (0, 49) (99, 65) 
(20, 85) (40, 6) (13, 11) (2, 6) (90, 25) (92, 21) 
(42, 39) (96, 80) (20, 80) (0, 44) 
(24, 88) (41, 27) (11, 40) 
(10, 6) (31, 33) (54, 92) (46, 33) (53, 28) 
(63, 25) (58, 51) (25, 75) (3, 82) (89, 94) (99, 66) (96, 65) 
(89, 15) (28, 27) 
(99, 12) (80, 41) (48, 65) (43, 90) 
(4, 10) (70, 20) 
(8, 34) 
(44, 91) (38, 17) 
(60, 17) (5, 58) 
(20, 53) 
(72, 31) (20, 35) 
(86, 67) (41, 41) 
(5, 52) (68, 56) (27, 73) (100, 98) (18, 87) 
(55, 81) (90, 86) (26, 10) (63, 97) 
(62, 57) (77, 62) 
(50, 55) (47, 2) 
(40, 33) (87, 99) (72, 1) (49, 24) (45, 13) 
(18, 14) (47, 70) (76, 47) 
(37, 65) (77, 53) (40, 60) 
(42, 24) (32, 98) (45, 97) (21, 24) (58, 9) 
(6, 72) (3, 6) (13, 43) (56, 86) 
(88, 98) (38, 5) (37, 38) 
(99, 47) (7, 71) (29, 31) (27, 37) (90, 6) 
(99, 71) (90, 12) 
(10, 71) (48, 49) (64, 23) (100, 88) 
(20, 94) (24, 25) (30, 29) (16, 42) (24, 6) (29, 62) (39, 32) 
(63, 54) (82, 84) (71, 83) (58, 77) 
(60, 82) (99, 78) (8, 60) 
(40, 97) (39, 50) (19, 6) (90, 35) (13, 16) (99, 88) 
(14, 74) (78, 100) (49, 99) (94, 6) (34, 70) 
(77, 73) (81, 58) 
(44, 68) (98, 37) (8, 84) (0, 64) (70, 7) (66, 22) 
(37, 46) (56, 4) (48, 47) (76, 94) 
(18, 86) (9, 83) (6, 91) 
(50, 36) (73, 31) (89, 99) (38, 35) 
(88, 93) (47, 4) 
(32, 74) 
(24, 14) (30, 71) (32, 27) (29, 19) (94, 44) (95, 14) (52, 55) (23, 8) 
(68, 70) (16, 1) (6, 82) (2, 52) 
(52, 0) (34, 30) (71, 90) (45, 85) (78, 2) (49, 92) 
(34, 16) (32, 99) 
(94, 81) (38, 90) (68, 41) 
(59, 42) (9, 31) (11, 7) (2, 92) (29, 98) (23, 32) 
(100, 99) (72, 58) (11, 96) (80, 29) 
(95, 38) (85, 47) 
(33, 52) 
(21, 31) (10, 29) (8, 59) (32, 70) (94, 70) 
(57, 23) 
(53, 62) (3, 75) (22, 100) (23, 92) (89, 80) (84, 90) (79, 65) (45, 97) 
(5, 22) (30, 45) (84, 73) (53, 48) 
(9, 75) (44, 98) 
(40, 6) 
(14, 71) (59, 67) (47, 23) (59, 2) (31, 76) (45, 78) 
(60, 58) (24, 29) (77, 79) (12, 85) 
(24, 27) (72, 86) 
(14, 91) (90, 39) 
(0, 34) (24, 50) (53, 76) (99, 45) (83, 88) 
(21, 4) (73, 93) 
(43, 72) (48, 96) (86, 17) (75, 84) (91, 7) (96, 27) 
(98, 11) (89, 5) (70, 93) (22, 65) (31, 3) (46, 65) 
(70, 31) 
(39, 60) (66, 59) (91, 35) (64, 100) (8, 54) 
(97, 78) 
(10, 100) (56, 30) (53, 12) (25, 43) (54, 82) (45, 47) (46, 3) 
(12, 19) 
(19, 36) (3, 14) (44, 24) 
(54, 47) (97, 20) (45, 53) 
(56, 58) (68, 62) (87, 96) 
(41, 71) (22, 16) (12, 62) (59, 37) (24, 57) (81, 19) 
(32, 58) (68, 80) (62, 48) (67, 34) (8, 71) (97, 88) (8, 49) 
(79, 33) (48, 57) (70, 4) (68, 28) (36, 8) 
(39, 64) (87, 30) (22, 4) (50, 0) (47, 76) (92, 8) (39, 32) 
(38, 8) (50, 43) (78, 45) 
(49, 16) (42, 69) (89, 92) (50, 7) (63, 54) 
(58, 50) (60, 64) (90, 69) 
(13, 28) (21, 20) (92, 69) (0, 10) 
(12, 43) (33, 60) (45, 86) (96, 9) (21, 69) (56, 59) (69, 53) (56, 73) 
(31, 48) (2, 14) (81, 23) 
(41, 13) (33, 58) 
(13, 90) (38, 81) (91, 23) 
(55, 64) (69, 72) (83, 90) 
(24, 6) (3, 56) (28, 57) (48, 1) (21, 82) (51, 19) (50, 10) 
(40, 71) (82, 5) 
(73, 91) (76, 81) (52, 85) (61, 12) 
(88, 60) (74, 73) 
(81, 50) (17, 90) (22, 67) (42, 100) (69, 72) (16, 13) (21, 65) (95, 26) (82, 52) 
(94, 21) (74, 71) (57, 26) 
(69, 45) (84, 88) (79, 22) (58, 38) (15, 60) 
(52, 31) (42, 94) (40, 88) (8, 27) 
(78, 86) (2, 21) 
(4, 66) (9, 8) (35, 15) (89, 15) (56, 67) (45, 75) 
(59, 72) (43, 91) 
(62, 4) (32, 88) (14, 58) (87, 67) (40, 1) 
(5, 58) (81, 2) (62, 67) 
(17, 51) (18, 92) (21, 20) (90, 52) (32, 33) 
(51, 56) 
(84, 74) (86, 52) (19, 41) (10, 69) (11, 52) (16, 70) 
(55, 8) (88, 91) (7, 74) 
(29, 33) (29, 83) (77, 35) 
(92, 51) (44, 77) (80, 60) (71, 63) 
(89, 16) (28, 61) (19, 61) (84, 90) (66, 85) 
(14, 90) (45, 47) (52, 57) (76, 37) 
(60, 73) (31, 61) 
(10, 9) (66, 87) (17, 47) (44, 41) 
(94, 89) (50, 9) (87, 56) (60, 99) (50, 25) (66, 22) (77, 32) 
(49, 8) (5, 25) (52, 70) (11, 24) (27, 0) 
(38, 14) (37, 40) (97, 90) (46, 22) (36, 99) 
(48, 51) 
(68, 87) (58, 47) (58, 6) 
(59, 14) 
(59, 65) (55, 55) (67, 43) (69, 41) (86, 13) (8, 11) 
(78, 14) (51, 66) (35, 10) (23, 35) (82, 100) 
(35, 2) (14, 36) (44, 71) 
(27, 21) (39, 52) (8, 97) 
(87, 1) (88, 76) 
(18, 88) 
(73, 20) (87, 22) (97, 94) (84, 16) 
(89, 2) (97, 99) (98, 11) (73, 25) 
(97, 90) 
(100, 70) (89, 6) (82, 80) (98, 1) (10, 51) 
(64, 1) 
(100, 75) (38, 100) (27, 61) (20, 74) 
(38, 86) (17, 3) (18, 17) (36, 15) (75, 14) (77, 79) (42, 19) (80, 86) 
(72, 74) (36, 94) 
(20, 74) (62, 57) (0, 42) (49, 78) 
(40, 65) (60, 51) (45, 27) (57, 3) 
(15, 43) (61, 35) (10, 21) (10, 83) 
(26, 92) (44, 53) (72, 94) 
(41, 74) 
(87, 10) (97, 18) (98, 62) (86, 45) 
(5, 68) (97, 17) (16, 14) (76, 77) 
(82, 95) (71, 91) 
(92, 47) (19, 5) (31, 25) (83, 20) (17, 26) 
(54, 43) (30, 80) 
(40, 87) 
(40, 30) 
(48, 53) (68, 59) (99, 50) (81, 70) (64, 96) (74, 51) 
(47, 53) (100, 75) 
(38, 50) (78, 6) (22, 54) (3, 21) (5, 86) (63, 33) (94, 63) 
(13, 9) (14, 56) (21, 56) (59, 72) (2, 78) 
(18, 92) 
(71, 94) 
(29, 3) (89, 33) 
(17, 98) (98, 20) 
(94, 19) (49, 44) (40, 47) (58, 4) (51, 99) (91, 30) 
(12, 37) (82, 41) (5, 25) (60, 22) 
(85, 53) (41, 69) (61, 8) (0, 32) (10, 49) (90, 5) (2, 8) 
(45, 84) (8, 89) (13, 14) (98, 68) (4, 2) (66, 10) (66, 42) 
(50, 76) (38, 65) (6, 33) (17, 16) 
(91, 26) (61, 5) (83, 70) 
(98, 2) (5, 57) (63, 44) 
(44, 25) (77, 62) 
(88, 60) (80, 31) 
(59, 86) (7, 55) (76, 95) (32, 0) (76, 37) (36, 50) 
(41, 34) (56, 4) (98, 92) (97, 72) (21, 23) (96, 44) (71, 38) 
(11, 70) (99, 11) (78, 47) (85, 47) 
(83, 40) (75, 3) (16, 66) (26, 54) (93, 49) 
(56, 78) (98, 89) (55, 54) (72, 98) (58, 82) (6, 88) 
(33, 48) (36, 64) (83, 91) (34, 49) (90, 26) 
(31, 53) 
(32, 43) (80, 36) (67, 81) (23, 33) 
(53, 12) (9, 55) (58, 46) (85, 90) 
(60, 66) (33, 67) (78, 99) (46, 44) (21, 10) 
(42, 10) (11, 30) (63, 39) (81, 98) 
(22, 21) (73, 47) (66, 80) (96, 57) 
(97, 72) (96, 82) 
(30, 40) (36, 74) (100, 19) (13, 54) 
(77, 93) (22, 4) (79, 81) (82, 0) 
(61, 72) (51, 38) (51, 35) (81, 71) (90, 70) (87, 83) (29, 41) 
(78, 52) 
(24, 19) (87, 100) (44, 26) (8, 43) 
(59, 46) (95, 69) (43, 79) (50, 97) 
(30, 61) (26, 85) (4, 8) (19, 95) (73, 4) 
(19, 27) (26, 52) (90, 46) 
(2, 38) (97, 16) (69, 46) 
(23, 27) (17, 50) (22, 66) (1, 25) (93, 10) 
(93, 53) (48, 59) (52, 27) (84, 23) (99, 93) 
(40, 22) 
(68, 69) (93, 36) (69, 97) (72, 43) (30, 2) (27, 50) (6, 68) (31, 51) 
(58, 29) (59, 35) (26, 70) (85, 72) 
(84, 54) (23, 92) (20, 89) (11, 82) (92, 88) 
(97, 64) (0, 88) (10, 46) (80, 39) (43, 23) (94, 43) 
(49, 16) (44, 2) (7, 80) (89, 71) 
(22, 51) (37, 52) (21, 28) (10, 7) (1, 16) (37, 9) 
(61, 86) (98, 96) (21, 70) (29, 58) (51, 75) (54, 26) (42, 20) 
(31, 52) (69, 54) (74, 57) 
(4, 34) (10, 98) (88, 18) (32, 14) 
(64, 64) (85, 96) 
(79, 78) 
(99, 99) (38, 55) (39, 63) (36, 67) (21, 39) (35, 2) 
(81, 66) (42, 51) 
(32, 40) (86, 69) (59, 33) (76, 72) (97, 77) 
(78, 28) (80, 13) (19, 30) 
(17, 22) 
(58, 28) (93, 51) 
(19, 26) (61, 64) 
(91, 58) (34, 52) (80, 65) (65, 61) (54, 37) 
(30, 30) (47, 71) (51, 30) (99, 15) (17, 43) 
(51, 74) (35, 75) (53, 54) (38, 86) 
(67, 40) (45, 36) (82, 83) (45, 100) 
(26, 71) (93, 3) (77, 20) 
(49, 25) (34, 0) (73, 12) (7, 45) (12, 56) 
(68, 81) (65, 64) (12, 90) (67, 82) (62, 58) (10, 49) (11, 15) 
(98, 84) (17, 58) (85, 36) 
(45, 52) (30, 84) (18, 96) (26, 28) (21, 90) 
(36, 23) (29, 70) (67, 34) (26, 51) (90, 1) 
(49, 0) (85, 30) (67, 48) 
(14, 74) (80, 95) (23, 31) (50, 60) 
(37, 0) (38, 87) (58, 56) 
(37, 27) (51, 58) (91, 83) (17, 97) (34, 77) (20, 100) 
(39, 40) (92, 77) (32, 81) 
(96, 40) (17, 77) (5, 28) 
(2, 34) (45, 23) (10, 43) (25, 89) (6, 28) (40, 19) (30, 17) 
(21, 92) (44, 8) (49, 81) (17, 14) 
(82, 62) 
(34, 70) (28, 64) (13, 34) (31, 52) (54, 74) (20, 95) 
(52, 14) (32, 26) (35, 5) (81, 88) (15, 23) 
(68, 43) (43, 57) (15, 54) (79, 74) (50, 95) 
(99, 69) (35, 0) (0, 36) (4, 16) (71, 98) (38, 7) (48, 30) (63, 84) 
(15, 7) (60, 23) (24, 92) 
(31, 25) (57, 26) (40, 97) 
(48, 42) (78, 32) (27, 28) (50, 2) (68, 84) 
(1, 26) (60, 51) (20, 83) (64, 39) 
(80, 71) (16, 18) (1, 62) (14, 89) 
(100, 1) (9, 11) (42, 12) 
(98, 67) (2, 84) 
(59, 48) (43, 1) (4, 87) (59, 0) (30, 16) 
(85, 1) (98, 32) (36, 47) (61, 10) (16, 79) 
(21, 41) (12, 85) (4, 55) (77, 81) 
(10, 51) (1, 1) (34, 99) (66, 0) (82, 28) 
(70, 61) (30, 48) (77, 60) 
(71, 23) (47, 18) (24, 28) (34, 29) (56, 29) (55, 96) (99, 77) 
(79, 68) (14, 98) (71, 40) 
(13, 7) (36, 54) (27, 78) (17, 78) 
(96, 7) (38, 92) (42, 86) 
(51, 59) 
(81, 91) 
(88, 88) 
(8, 91) (80, 17) (13, 34) (8, 7) (12, 65) 
(56, 54) 
(91, 6) (72, 63) 
(10, 25) (67, 33) (50, 85) (85, 13) (58, 43) (23, 93) (73, 62) 
(69, 19) (16, 10) (39, 48) (15, 39) 
(7, 82) (78, 31) (60, 82) (84, 6) 
(65, 19) (82, 8) (37, 44) (90, 26) (91, 31) (74, 46) 
(9, 81) (78, 24) (89, 51) (93, 34) 
(75, 57) (28, 5) (58, 8) (1, 98) (50, 54) 
(0, 37) (92, 13) 
(15, 31) (15, 42) (68, 83) 
(32, 96) (41, 32) (4, 96) (25, 91) (18, 98) (59, 98) (24, 90) 
(44, 5) (48, 21) (9, 55) (7, 16) (48, 49) 
(32, 19) (91, 44) 
(96, 52) (51, 60) (37, 24) (31, 35) (8, 83) (7, 58) 
(23, 24) (34, 81) (34, 13) (99, 70) (94, 21) (10, 47) 
(18, 47) (56, 78) (14, 52) 
(78, 22) (58, 46) (56, 46) (99, 80) 
(66, 2) 
(47, 79) (60, 50) (4, 21) (56, 76) 
(38, 82) (50, 98) (96, 95) 
(10, 75) 
(81, 12) (26, 5) (76, 67) 
(66, 63) (22, 39) (70, 60) (68, 92) (62, 48) 
(20, 31) 
(48, 5) (19, 27) (86, 63) (31, 25) (12, 91) (9, 79) 
(80, 77) (94, 61) (19, 5) (55, 25) 
(14, 69) (100, 88) (60, 39) 
(35, 83) (13, 11) (62, 65) (44, 44) (54, 3) 
(91, 96) (21, 16) 
(99, 45) (3, 98) (40, 42) 
(81, 55) (46, 79) 
(28, 56) (49, 26) (44, 14) (26, 58) (22, 69) 
(91, 50) (99, 71) (75, 40) (30, 88) 
(54, 48) (59, 43) (29, 92) (23, 35) (72, 61) 
(88, 64) (92, 20) (0, 18) (65, 59) 
(61, 73) (16, 93) (63, 51) (24, 46) (43, 36) (98, 7) 
(44, 85) (79, 76) (20, 43) 
(91, 82) 
(73, 94) (90, 6) (2, 76) (38, 81) 
(18, 11) (3, 48) (45, 5) 
(67, 88) (48, 61) (57, 41) 
(4, 48) 
(71, 81) (75, 61) 
(54, 86) (23, 34) 
(44, 34) (77, 89) (91, 49) (48, 90) 
(76, 96) 
(41, 22) (83, 49) (68, 88) (68, 83) 
(22, 40) (10, 93) (60, 27) (15, 33) (51, 4) 
(63, 55) (40, 62) 
(5, 86) (88, 85) (0, 73) (56, 96) (55, 72) 
(37, 78) (8, 81) (89, 79) 
(46, 57) (57, 75) 
(18, 1) (91, 80) (52, 32) (24, 9) (21, 13) 
(34, 34) (13, 98) 
(36, 20) (77, 68) (23, 1) 
(98, 23) (96, 23) (4, 45) (84, 22) (0, 76) 
(3, 24) (86, 3) 
(44, 80) (45, 97) (30, 81) (5, 78) (100, 40) (84, 10) 
(92, 56) (68, 96) (23, 65) 
(26, 100) (75, 9) (45, 54) (5, 84) 
(22, 88) (32, 82) (93, 98) 
(21, 87) 
(13, 87) (12, 2) 
(26, 21) (71, 41) (76, 24) (30, 79) 
(96, 11) (55, 9) (41, 65) (79, 88) (38, 0) (90, 79) 
(60, 15) (87, 52) (62, 28) 
(7, 25) (78, 87) (8, 41) 
(29, 26) (29, 30) (75, 36) (6, 74) (80, 33) (76, 19) (84, 47) 
(73, 58) (84, 35) (24, 9) 
