(88, 92) (97, 78) (64, 6) 
(64, 73) (91, 59) (13, 16) (11, 18) 
(14, 68) (2, 70) (34, 89) (36, 42) 
(19, 37) 
(40, 57) (100, 34) (82, 67) (100, 44) (57, 53) 
(74, 1) (28, 46) (70, 83) 
(8, 8) (68, 9) 
(4, 58) (72, 37) (15, 63) (34, 33) (67, 38) (1, 78) (37, 6) (74, 76) 
(57, 82) (27, 16) (98, 40) 
(53, 69) (15, 51) 
(43, 0) (21, 87) (94, 86) (69, 32) (19, 41) (79, 98) (54, 91) 
(76, 10) (48, 63) 
(92, 53) (76, 97) (61, 84) (50, 77) (79, 11) (89, 30) (82, 8) (13, 28) (55, 38) 
(96, 2) 
(57, 87) (55, 28) 
(44, 4) 
(83, 55) (38, 86) (19, 60) 
(38, 99) (94, 54) (55, 22) 
(63, 41) (84, 35) (89, 23) 
(27, 41) (79, 16) 
(66, 4) (65, 59) (85, 52) (73, 11) 
(9, 84) (44, 78) (34, 40) (95, 11) (37, 4) (85, 83) (50, 88) 
(90, 14) (38, 65) (6, 38) (83, 88) (93, 65) (93, 71) (87, 83) 
(47, 91) (31, 75) (66, 24) (55, 5) (59, 70) (32, 74) (14, 61) 
(35, 73) 
(45, 85) (99, 25) (0, 72) 
(74, 90) (79, 91) (14, 22) (89, 29) (49, 61) (41, 97) 
(30, 4) (49, 49) (23, 13) (6, 13) (46, 2) (24, 60) (38, 82) 
(28, 26) 
(1, 20) 
(87, 100) (2, 48) 
(19, 82) (25, 96) (37, 64) (61, 90) (66, 38) (58, 15) (100, 19) (49, 87) 
(58, 35) (54, 3) (73, 86) (65, 47) 
(96, 1) (57, 29) (35, 95) (6, 18) 
(58, 65) (9, 7) (76, 65) (64, 85) (19, 23) 
(12, 20) (45, 82) 
(11, 15) (29, 0) (13, 38) (46, 96) 
(14, 81) (65, 18) (89, 41) (42, 77) (64, 55) (14, 0) 
(75, 92) (88, 21) 
(82, 64) (18, 14) 
(11, 31) (18, 8) (61, 3) (15, 52) (82, 83) 
(93, 98) (80, 46) (80, 66) (93, 13) 
(18, 52) (78, 63) (25, 47) (81, 7) 
(41, 0) (58, 1) (16, 94) (96, 39) 
(24, 5) 
(96, 22) (25, 51) (72, 88) (46, 27) 
(28, 1) 
(51, 29) (67, 89) (29, 27) (0, 12) 
(8, 95) (59, 7) (46, 63) (40, 44) (25, 72) (85, 100) 
(37, 1) (56, 34) (52, 63) (38, 63) (47, 58) (72, 31) (18, 94) (58, 3) 
(5, 49) (3, 33) 
(53, 7) (30, 63) (19, 14) (30, 18) (26, 65) (64, 37) 
(45, 49) (19, 60) (94, 65) (29, 34) (83, 41) (79, 70) (65, 50) (95, 69) 
(18, 20) (59, 50) 
(68, 70) (62, 90) (21, 49) 
(97, 48) (33, 77) (83, 2) (51, 55) 
(51, 17) 
(0, 68) (71, 32) 
(4, 26) (25, 75) (40, 19) (16, 46) (85, 18) 
(63, 39) (80, 30) 
(3, 65) 
(8, 1) (34, 58) (76, 36) (61, 2) (7, 99) (92, 61) 
(24, 45) (20, 30) (92, 66) (29, 35) 
(2, 4) (90, 4) (69, 80) (88, 41) 
(24, 89) (97, 74) (31, 64) (78, 84) (23, 75) (75, 71) (77, 75) 
(72, 32) (36, 1) (66, 55) 
(84, 91) (66, 53) (12, 51) (56, 28) (69, 17) 
(50, 84) (95, 25) 
(34, 19) 
(65, 55) (21, 65) 
(45, 40) (57, 91) (12, 19) 
(6, 47) (22, 97) (17, 21) (2, 84) 
(50, 20) (14, 15) (96, 95) (91, 39) (50, 62) (47, 40) 
(12, 54) (41, 42) 
(55, 1) 
(48, 3) 
(26, 63) (22, 23) (79, 62) 
(70, 28) (88, 76) (0, 96) 
(71, 7) (93, 8) (96, 4) (79, 16) (95, 43) 
(85, 17) (75, 71) (4, 40) 
(7, 88) (77, 87) 
(76, 5) (47, 96) 
(56, 63) (17, 72) (34, 69) (72, 45) 
(85, 78) (38, 72) (92, 32) (15, 66) (31, 8) 
(10, 8) (76, 31) 
(24, 64) (35, 70) (50, 51) (77, 1) 
(34, 43) (100, 20) (7, 2) (28, 12) 
(48, 12) (62, 34) (10, 58) 
(81, 96) (82, 59) 
(96, 88) (15, 85) (84, 63) (97, 72) 
(74, 51) (7, 82) (32, 75) (92, 38) 
(63, 67) (23, 19) (17, 15) 
(34, 77) (6, 10) (96, 73) (65, 12) (97, 87) (4, 85) (8, 42) 
(38, 71) (24, 60) (96, 77) (30, 19) (36, 97) (98, 35) 
(27, 28) (9, 25) 
(58, 97) (33, 68) (94, 72) (69, 96) 
(62, 73) (24, 58) (59, 17) (38, 3) (4, 31) (20, 6) (79, 69) (78, 36) (71, 74) 
(54, 5) (15, 78) (5, 1) (30, 19) 
(36, 68) (42, 38) (43, 59) (47, 3) (92, 81) (3, 51) 
(32, 23) (12, 4) (82, 9) (3, 39) 
